Numero_Peças	3
Codigo	Descrição
4-60111755-P02	PARAFUSO FLANGEADO M14*40
4-60111757-P02	PARAFUSO FLANGEADO M14*50
4-60111760-P02	PARAFUSO FLANGEADO M14*60
Número_Períodos	12
Custos Compra
1.75 1.75 1.75 1.75 1.75 1.75 1.75 1.75 1.75 1.75 1.75 1.75 
1.89 1.89 1.89 1.89 1.89 1.89 1.89 1.89 1.89 1.89 1.89 1.89 
2.21 2.21 2.21 2.21 2.21 2.21 2.21 2.21 2.21 2.21 2.21 2.21 
Custos Fixos
3000 3000 3000 3000 3000 3000 3000 3000 3000 3000 3000 3000 
4000 4000 4000 4000 4000 4000 4000 4000 4000 4000 4000 4000 
3500 3500 3500 3500 3500 3500 3500 3500 3500 3500 3500 3500 
Lead Times
5
3
4
Custos Estoque
0.19 0.19 0.19 0.19 0.19 0.19 0.19 0.19 0.19 0.19 0.19 0.19
0.21 0.21 0.21 0.21 0.21 0.21 0.21 0.21 0.21 0.21 0.21 0.21
0.24 0.24 0.24 0.24 0.24 0.24 0.24 0.24 0.24 0.24 0.24 0.24
Estoque Inicial
800
1600
1080
Lote Mínimo
6000
6000
5400
Tamanho Lote
6000
6000
5400
Demanda
6342	8857	5736	8623	6317	8919	8407	8198	7755	5245	7235	6874
8425	9170	5241	5386	6452	8263	5725	8361	8597	5296	6107	9878
7804	7577	5940	7430	9610	9388	8645	7371	5257	6960	7987	7698
